x = -10:0.1:10
f
